86
ASV_49     0.0000000 0.0553125 0.0564956 0.2897297 0.2962345 0.2512158 0.2444819 0.2355875 0.2173958 0.2323290 0.2325285 0.2545319 0.2633188 0.2530346 0.2541559 0.2484693 0.2553124 0.2627818 0.2383931 0.2346303 0.2189475 0.2099321 0.2293705 0.2451272 0.2467879 0.2444855 0.2460704 0.2477277 0.2380750 0.2392046 0.2648249 0.2570823 0.2552969 0.2417561 0.2148114 0.2376274 0.2380364 0.2342331 0.2337490 0.2265081 0.2492362 0.2492362 0.2528436 0.2492362 0.2624499 0.2662271 0.2624499 0.2493083 0.2503203 0.2459325 0.2498067 0.2521241 0.2538293 0.2574369 0.2498067 0.2533838 0.2450964 0.2492853 0.2579491 0.2579491 0.2579491 0.2148541 0.2228301 0.2439775 0.2423519 0.1981418 0.1947858 0.1944678 0.2064281 0.1990321 0.1983203 0.2548291 0.2287972 0.2456595 0.2497369 0.2192586 0.2076216 0.2337176 0.2312739 0.2288216 0.2266489 0.2299358 0.2108824 0.2209366 0.2209366 0.2178197 
ASV_13     0.0553125 0.0000000 0.0146426 0.3026435 0.3141696 0.2849170 0.2852594 0.2350460 0.2664114 0.2962254 0.2918426 0.2910279 0.2838493 0.2772169 0.2829664 0.2769092 0.2975979 0.3059695 0.2811651 0.2769092 0.2380975 0.2283983 0.2520670 0.2635010 0.2653183 0.2558037 0.2693148 0.2712023 0.2508386 0.2617938 0.2741207 0.2855481 0.2835387 0.2730852 0.2292431 0.2469039 0.2429705 0.2469039 0.2620730 0.2620730 0.2509307 0.2509307 0.2545993 0.2509307 0.2643760 0.2878813 0.2758764 0.2741216 0.2703170 0.2774298 0.2944257 0.2968635 0.2939015 0.2939015 0.2944257 0.2984389 0.2884618 0.2896561 0.2704687 0.2700205 0.2700205 0.2526682 0.2616777 0.2549926 0.2532514 0.2348379 0.2348379 0.2344434 0.2153808 0.2260661 0.2211085 0.2654940 0.2418860 0.2732347 0.2716193 0.2466389 0.2426742 0.2473463 0.2619706 0.2629921 0.2616466 0.2761939 0.2495370 0.2507395 0.2507395 0.2473048 
ASV_7      0.0564956 0.0146426 0.0000000 0.3337817 0.3461045 0.2769330 0.2773243 0.2244168 0.2513897 0.2801663 0.2799215 0.2707232 0.2716188 0.2653207 0.2707888 0.2648406 0.2893746 0.2975979 0.2731697 0.2689858 0.2310070 0.2215078 0.2447041 0.2599347 0.2617252 0.2483027 0.2615690 0.2633966 0.2468377 0.2503720 0.2699473 0.2732255 0.2713118 0.2688251 0.2250642 0.2425473 0.2386569 0.2425473 0.2496566 0.2496566 0.2352208 0.2352208 0.2387765 0.2352208 0.2481644 0.2706348 0.2591572 0.2656611 0.2619908 0.2774298 0.2854676 0.2878899 0.2849576 0.2849576 0.2854676 0.2894079 0.2796460 0.2807277 0.2620744 0.2615703 0.2615703 0.2482408 0.2571417 0.2471113 0.2454315 0.2206239 0.2206239 0.2202550 0.2150196 0.2260661 0.2073579 0.2540819 0.2278331 0.2691108 0.2597598 0.2357012 0.2318432 0.2327746 0.2615184 0.2706516 0.2692601 0.2684173 0.2423169 0.2359334 0.2426569 0.2392843 
ASV_43     0.2897297 0.3026435 0.3337817 0.0000000 0.0164979 0.1932830 0.1866706 0.2300527 0.1915542 0.2028132 0.2153581 0.2198405 0.2208965 0.2062876 0.2206164 0.2292979 0.2075089 0.2008360 0.2206164 0.2206164 0.2082870 0.2047089 0.2079299 0.2116966 0.2116966 0.2032648 0.1982609 0.1982609 0.2639189 0.3062095 0.2879730 0.3023662 0.3023662 0.2523398 0.2351874 0.2486043 0.2564351 0.2522764 0.2320795 0.2396210 0.2576868 0.2534668 0.2572165 0.2534668 0.2528870 0.2480557 0.2408085 0.2491600 0.2528796 0.2533423 0.2352886 0.2388879 0.2478749 0.2442015 0.2364916 0.2401126 0.2608827 0.2739800 0.2824683 0.2705023 0.2627497 0.2532846 0.2528320 0.2381113 0.2456337 0.2309817 0.2324558 0.2362683 0.2441414 0.2226345 0.2756839 0.2678452 0.2567443 0.2893345 0.2640001 0.2609452 0.2575785 0.2780274 0.2614569 0.2713085 0.2507174 0.2628056 0.2570993 0.2461212 0.2425099 0.2425099 
ASV_80     0.2962345 0.3141696 0.3461045 0.0164979 0.0000000 0.1758632 0.1781005 0.2277763 0.1954435 0.2047089 0.2165972 0.2101664 0.2111683 0.1991864 0.2127127 0.2150046 0.1935493 0.1870928 0.2097005 0.2129356 0.1984613 0.1950448 0.1941053 0.2042358 0.2042358 0.1928676 0.1765404 0.1765404 0.2729282 0.3120034 0.2935354 0.3081463 0.3081463 0.2513601 0.2657683 0.2571563 0.2652181 0.2609330 0.2500613 0.2580290 0.2774373 0.2774373 0.2734734 0.2774373 0.2725161 0.2569234 0.2641311 0.2419448 0.2354359 0.2358608 0.2424473 0.2460927 0.2478124 0.2441387 0.2436938 0.2400496 0.2685140 0.2818869 0.2824071 0.2704407 0.2704407 0.2601211 0.2564339 0.2474727 0.2510529 0.2321065 0.2301805 0.2374188 0.2440800 0.2290395 0.2684968 0.2729995 0.2321469 0.2850794 0.2511852 0.2555515 0.2430110 0.2677545 0.2487155 0.2459327 0.2304820 0.2382913 0.2354015 0.2334559 0.2300165 0.2300165 
ASV_16     0.2512158 0.2849170 0.2769330 0.1932830 0.1758632 0.0000000 0.0191927 0.1135706 0.1079170 0.0975177 0.0947306 0.0773769 0.0839164 0.1141520 0.1075708 0.1094826 0.0834857 0.0791603 0.0697800 0.0739362 0.0727015 0.0774349 0.0775245 0.1077117 0.1073364 0.0973868 0.0912336 0.0886949 0.1807918 0.2236021 0.1927419 0.2178244 0.2131709 0.2092707 0.1992268 0.1966262 0.2032122 0.1997398 0.2190649 0.2262701 0.2305337 0.2305337 0.2305337 0.2305337 0.2153120 0.2002946 0.2091427 0.1935063 0.1916870 0.1926459 0.1960910 0.1983456 0.1970337 0.1938957 0.1904531 0.1904531 0.1983456 0.2099982 0.2063909 0.2063909 0.2031638 0.1699193 0.1709550 0.1560404 0.1513086 0.1588694 0.1546197 0.1550835 0.1635564 0.1817464 0.1434445 0.1875285 0.1621242 0.1900962 0.1886334 0.1585950 0.1647244 0.1601321 0.1978148 0.1729357 0.1804688 0.1727234 0.1692835 0.1807086 0.1807086 0.1835673 
ASV_8      0.2444819 0.2852594 0.2773243 0.1866706 0.1781005 0.0191927 0.0000000 0.1256071 0.0891254 0.0839731 0.0962695 0.0777487 0.0843354 0.1177379 0.1081362 0.1100586 0.0806111 0.0763568 0.0602972 0.0642505 0.0795821 0.0845054 0.0810025 0.0857747 0.0855010 0.0914340 0.0855625 0.0831192 0.1800022 0.2313570 0.1989757 0.2214257 0.2166681 0.2147249 0.1988927 0.1869214 0.1902468 0.1869214 0.2184222 0.2184222 0.2403573 0.2403573 0.2403573 0.2403573 0.2247702 0.2025593 0.2114282 0.1926230 0.1942271 0.1951643 0.2018694 0.2041180 0.1996055 0.1996055 0.1961298 0.1961298 0.2041180 0.2155323 0.2086514 0.2086514 0.2090100 0.1768942 0.1779855 0.1673254 0.1652318 0.1600589 0.1557620 0.1562328 0.1647998 0.1783678 0.1627113 0.1904762 0.1769696 0.1882846 0.1996404 0.1717466 0.1780823 0.1614866 0.2123925 0.1850948 0.1864685 0.1806466 0.1801397 0.1919052 0.1919052 0.1948940 
ASV_50     0.2355875 0.2350460 0.2244168 0.2300527 0.2277763 0.1135706 0.1256071 0.0000000 0.0706971 0.0754767 0.0827496 0.0815392 0.0688254 0.0885701 0.0944507 0.0905292 0.0692384 0.0733560 0.0810358 0.0810358 0.0707555 0.0796483 0.0811637 0.0860503 0.0885880 0.0609985 0.0785134 0.0809966 0.2063274 0.2308992 0.2120276 0.2280738 0.2265726 0.2380070 0.1938119 0.2077158 0.2073690 0.2108732 0.2160350 0.2228012 0.2134868 0.2099739 0.2068352 0.2099739 0.2113499 0.2169514 0.2078405 0.2334345 0.2334345 0.2338387 0.2204527 0.2226955 0.2075991 0.2044291 0.2111441 0.2079502 0.2121893 0.2103119 0.2079502 0.1912843 0.2009385 0.1986318 0.1965440 0.1688958 0.1757583 0.1771994 0.1808946 0.1808946 0.1938868 0.1769936 0.1738727 0.2192655 0.2058923 0.2536246 0.1827447 0.1983553 0.1747264 0.1928318 0.2041431 0.2160982 0.2299118 0.2165234 0.1927925 0.2223232 0.2288019 0.2255528 
ASV_85     0.2173958 0.2664114 0.2513897 0.1915542 0.1954435 0.1079170 0.0891254 0.0706971 0.0000000 0.0295881 0.0467435 0.0630803 0.0510981 0.0837539 0.0658833 0.0723832 0.0696585 0.0655647 0.0788658 0.0788658 0.0811564 0.0818224 0.0740223 0.0607305 0.0629723 0.0650310 0.0758517 0.0782876 0.1801335 0.2466056 0.2099695 0.2261754 0.2246662 0.2541566 0.2132624 0.2148026 0.2216862 0.2180464 0.2113429 0.2181682 0.2258225 0.2295755 0.2329589 0.2295755 0.2236141 0.2296358 0.2262353 0.2364872 0.2479266 0.2513804 0.2330705 0.2353853 0.2372160 0.2337630 0.2265240 0.2299288 0.2209031 0.2361316 0.2378734 0.2306371 0.2238970 0.1809810 0.1910725 0.1713953 0.1749134 0.1659273 0.1666707 0.1666707 0.1599051 0.1512988 0.1568177 0.2255105 0.1893656 0.2314104 0.1993445 0.1954845 0.1896494 0.1912643 0.2257000 0.2118778 0.2110654 0.2079653 0.1923554 0.2040509 0.2102554 0.2071442 
ASV_21     0.2323290 0.2962254 0.2801663 0.2028132 0.2047089 0.0975177 0.0839731 0.0754767 0.0295881 0.0000000 0.0466963 0.0766230 0.0639031 0.0577528 0.0530897 0.0592014 0.0571553 0.0532400 0.0592656 0.0632648 0.0613595 0.0700216 0.0627828 0.0544669 0.0566270 0.0670916 0.0691140 0.0714590 0.1814676 0.2257287 0.1915035 0.2131635 0.2117648 0.2192696 0.1954448 0.1966289 0.2032956 0.1997806 0.1973584 0.2039616 0.2144246 0.2180709 0.2213686 0.2180709 0.2122300 0.2129622 0.2221083 0.2234688 0.2276555 0.2307729 0.2201604 0.2224525 0.2242855 0.2209400 0.2139377 0.2172378 0.2125587 0.2176145 0.2191842 0.2228421 0.2126865 0.1588178 0.1682223 0.1583041 0.1616484 0.1520852 0.1522945 0.1498414 0.1569100 0.1443416 0.1645901 0.2005290 0.1800721 0.2259707 0.1962014 0.1801816 0.1757255 0.1792350 0.2224260 0.2118778 0.2075592 0.2044830 0.1767605 0.1945568 0.2006453 0.1975925 
ASV_35     0.2325285 0.2918426 0.2799215 0.2153581 0.2165972 0.0947306 0.0962695 0.0827496 0.0467435 0.0466963 0.0000000 0.0570140 0.0472109 0.0778870 0.0662293 0.0680429 0.0624504 0.0585114 0.0716250 0.0716250 0.0738267 0.0829419 0.0670672 0.0863217 0.0860378 0.0687592 0.0924853 0.0899032 0.1857782 0.2416349 0.2251184 0.2353498 0.2337461 0.2452491 0.2269970 0.2322662 0.2326712 0.2288594 0.2222242 0.2226075 0.2178184 0.2214897 0.2214897 0.2248069 0.2189141 0.2214594 0.2189141 0.2492248 0.2575963 0.2613622 0.2324289 0.2347629 0.2228251 0.2262400 0.2258414 0.2224325 0.2239810 0.2359320 0.2168723 0.2374465 0.2296755 0.1822325 0.1895709 0.1800295 0.1837388 0.1791897 0.1778426 0.1778426 0.1815327 0.1717739 0.1582335 0.2197100 0.1898856 0.2338507 0.1796295 0.2026792 0.1804439 0.1915013 0.2172713 0.2175001 0.2079653 0.2131127 0.1806187 0.2280588 0.2347276 0.2313829 
ASV_1      0.2545319 0.2910279 0.2707232 0.2198405 0.2101664 0.0773769 0.0777487 0.0815392 0.0630803 0.0766230 0.0570140 0.0000000 0.0174813 0.0816647 0.0582862 0.0600322 0.0696368 0.0655456 0.0685395 0.0685395 0.0774214 0.0865984 0.0706070 0.0871629 0.0868797 0.0841092 0.0985196 0.0958870 0.1895233 0.1870767 0.1791840 0.1840289 0.1799568 0.2206187 0.2188189 0.2237935 0.2241780 0.2204873 0.2033299 0.2036763 0.1966379 0.2000830 0.2000830 0.2032165 0.1975962 0.1975962 0.1920348 0.2247901 0.2325449 0.2371494 0.2073925 0.2096344 0.1987545 0.2019009 0.2015603 0.1984197 0.2025514 0.2070388 0.1952969 0.2073925 0.2038387 0.1633965 0.1673558 0.1489759 0.1444039 0.1395754 0.1427845 0.1427845 0.1673051 0.1704307 0.1443026 0.1995698 0.1773427 0.1961327 0.1530922 0.1733119 0.1460856 0.1669201 0.1870533 0.1692670 0.1769612 0.1810647 0.1476333 0.1835634 0.1835634 0.1864756 
ASV_28     0.2633188 0.2838493 0.2716188 0.2208965 0.2111683 0.0839164 0.0843354 0.0688254 0.0510981 0.0639031 0.0472109 0.0174813 0.0000000 0.0665128 0.0465920 0.0483063 0.0553128 0.0514129 0.0548155 0.0548155 0.0632325 0.0719413 0.0567944 0.0657608 0.0634950 0.0630985 0.0804920 0.0802352 0.1812777 0.2034772 0.1767691 0.1911087 0.1899008 0.2323788 0.2166024 0.2215370 0.2145763 0.2182315 0.2179801 0.2183552 0.2108645 0.2144403 0.2144403 0.2176778 0.2119087 0.2119087 0.2060216 0.2259039 0.2337069 0.2383298 0.2083663 0.2106171 0.1996701 0.2028342 0.2024904 0.1993322 0.2034918 0.2080094 0.1961919 0.2083663 0.2047911 0.1670435 0.1738593 0.1523753 0.1529738 0.1482031 0.1515159 0.1515159 0.1590588 0.1652750 0.1476621 0.1974358 0.1968615 0.2068665 0.1592850 0.1769414 0.1548510 0.1709530 0.1908176 0.1847502 0.1869949 0.1913968 0.1567048 0.1938103 0.1998026 0.1967980 
ASV_52     0.2530346 0.2772169 0.2653207 0.2062876 0.1991864 0.1141520 0.1177379 0.0885701 0.0837539 0.0577528 0.0778870 0.0816647 0.0665128 0.0000000 0.0420699 0.0438166 0.0911387 0.0866705 0.0795227 0.0794280 0.0678525 0.0714260 0.0692528 0.0661923 0.0661923 0.0902627 0.0903972 0.0903972 0.1873171 0.2192309 0.1914433 0.2067335 0.2053813 0.2193239 0.2112507 0.2124086 0.2055538 0.2091488 0.2154404 0.2085576 0.2164659 0.2201565 0.2234922 0.2201565 0.2142536 0.2146257 0.2179408 0.2053164 0.2163080 0.2200369 0.2066188 0.2088815 0.2042794 0.2074872 0.2007476 0.2039312 0.2121321 0.2168010 0.2074872 0.2212660 0.2074872 0.1757748 0.1857602 0.1718444 0.1651330 0.1777890 0.1786188 0.1754202 0.1803917 0.1687287 0.1550009 0.1811555 0.1925321 0.2196497 0.1801895 0.1597173 0.1535045 0.1610331 0.2110582 0.2192674 0.1999336 0.1936140 0.1727919 0.2001849 0.2062565 0.2032120 
ASV_29     0.2541559 0.2829664 0.2707888 0.2206164 0.2127127 0.1075708 0.1081362 0.0944507 0.0658833 0.0530897 0.0662293 0.0582862 0.0465920 0.0420699 0.0000000 0.0046434 0.0703819 0.0662384 0.0605996 0.0645734 0.0733204 0.0739007 0.0586621 0.0494540 0.0515923 0.0734051 0.0734291 0.0758274 0.1853347 0.2203019 0.1866840 0.2014821 0.2001939 0.2284475 0.2268170 0.2286766 0.2252894 0.2252894 0.2150700 0.2154404 0.2080226 0.2115806 0.2115806 0.2148046 0.2090520 0.2000830 0.2032165 0.2226387 0.2303031 0.2348732 0.2086951 0.2109221 0.2000875 0.2032187 0.2028782 0.1997526 0.2070314 0.2151319 0.1997526 0.2119040 0.2119040 0.1777260 0.1847358 0.1708429 0.1715327 0.1688386 0.1635397 0.1665562 0.1809297 0.1750587 0.1766974 0.2149489 0.2228840 0.2340502 0.1923857 0.1932492 0.1835050 0.1953531 0.2299200 0.2127454 0.2088478 0.2139220 0.1773726 0.2206895 0.2271208 0.2238953 
ASV_9      0.2484693 0.2769092 0.2648406 0.2292979 0.2150046 0.1094826 0.1100586 0.0905292 0.0723832 0.0592014 0.0680429 0.0600322 0.0483063 0.0438166 0.0046434 0.0000000 0.0639532 0.0680528 0.0545403 0.0584263 0.0669255 0.0674455 0.0604195 0.0531733 0.0553453 0.0669981 0.0670218 0.0693414 0.1865005 0.2150628 0.1878671 0.2027852 0.2014821 0.2371234 0.2213063 0.2410376 0.2375565 0.2375565 0.2165271 0.2169019 0.2094080 0.2129940 0.2129940 0.2162420 0.2104501 0.2013998 0.2045565 0.2349947 0.2428990 0.2475039 0.2169431 0.2191842 0.2080816 0.2112793 0.2109221 0.2077311 0.2151922 0.2165726 0.2077311 0.2065218 0.2202202 0.1847358 0.1919269 0.1775816 0.1783088 0.1785967 0.1731770 0.1762811 0.1913090 0.1851455 0.1671208 0.2207385 0.2287615 0.2329439 0.1915232 0.1988044 0.1908392 0.2008355 0.2219961 0.2053448 0.2144623 0.2129429 0.1844759 0.2264510 0.2329366 0.2296837 
ASV_62     0.2553124 0.2975979 0.2893746 0.2075089 0.1935493 0.0834857 0.0806111 0.0692384 0.0696585 0.0571553 0.0624504 0.0696368 0.0553128 0.0911387 0.0703819 0.0639532 0.0000000 0.0030929 0.0468743 0.0468743 0.0536489 0.0617783 0.0578873 0.0687505 0.0664893 0.0435694 0.0620633 0.0618796 0.2055314 0.2393024 0.2092127 0.2325746 0.2309843 0.2493241 0.2010071 0.2162854 0.2231543 0.2195213 0.1998450 0.2064698 0.2265753 0.2265753 0.2232225 0.2265753 0.2243587 0.2172983 0.2111854 0.2428961 0.2475098 0.2481016 0.2326640 0.2349787 0.2299302 0.2265222 0.2261264 0.2227451 0.2311172 0.2322540 0.2400599 0.2182025 0.2326640 0.1861301 0.1873054 0.1730445 0.1798457 0.1633588 0.1621939 0.1621939 0.1839209 0.1832024 0.1621413 0.2080454 0.1911032 0.2012107 0.1780723 0.1819330 0.1634636 0.1960498 0.1930161 0.1803327 0.1895982 0.1836607 0.1832073 0.2039988 0.2102090 0.2070949 
ASV_75     0.2627818 0.3059695 0.2975979 0.2008360 0.1870928 0.0791603 0.0763568 0.0733560 0.0655647 0.0532400 0.0585114 0.0655456 0.0514129 0.0866705 0.0662384 0.0680528 0.0030929 0.0000000 0.0506636 0.0506636 0.0574616 0.0657160 0.0540425 0.0647176 0.0624978 0.0472035 0.0660240 0.0658264 0.2055314 0.2466345 0.2092127 0.2325746 0.2309843 0.2418975 0.2076012 0.2095170 0.2162854 0.2127092 0.1998450 0.2064698 0.2265753 0.2265753 0.2232225 0.2265753 0.2243587 0.2172983 0.2111854 0.2353965 0.2399989 0.2406429 0.2253791 0.2276894 0.2227451 0.2193840 0.2190014 0.2156664 0.2238892 0.2322540 0.2326640 0.2253791 0.2253791 0.1799783 0.1811081 0.1670974 0.1737830 0.1576490 0.1565345 0.1565345 0.1777726 0.1771615 0.1678808 0.2015821 0.1849103 0.2012107 0.1780723 0.1758631 0.1577418 0.1897375 0.1993754 0.1865912 0.1833011 0.1836607 0.1771578 0.1975353 0.2036631 0.2005904 
ASV_44     0.2383931 0.2811651 0.2731697 0.2206164 0.2097005 0.0697800 0.0602972 0.0810358 0.0788658 0.0592656 0.0716250 0.0685395 0.0548155 0.0795227 0.0605996 0.0545403 0.0468743 0.0506636 0.0000000 0.0030781 0.0228852 0.0299874 0.0278422 0.0483344 0.0463088 0.0501651 0.0575136 0.0573471 0.1655966 0.2082754 0.1753233 0.1957700 0.1945216 0.2118697 0.1998003 0.2130899 0.2127306 0.2163052 0.1989593 0.2056299 0.2101581 0.2101581 0.2069401 0.2069401 0.2115700 0.1927082 0.1989593 0.2298323 0.2238033 0.2245490 0.2075197 0.2097621 0.2083736 0.2051895 0.2016825 0.2016825 0.2058535 0.2103858 0.2172540 0.2004395 0.2107456 0.1716704 0.1727125 0.1586707 0.1650086 0.1627689 0.1629967 0.1604720 0.1725453 0.1753825 0.1447653 0.2084012 0.1813598 0.1967737 0.1644735 0.1602932 0.1599346 0.1687332 0.1616975 0.1607254 0.1791032 0.1749497 0.1592284 0.1881100 0.1941201 0.1911067 
ASV_51     0.2346303 0.2769092 0.2689858 0.2206164 0.2129356 0.0739362 0.0642505 0.0810358 0.0788658 0.0632648 0.0716250 0.0685395 0.0548155 0.0794280 0.0645734 0.0584263 0.0468743 0.0506636 0.0030781 0.0000000 0.0194974 0.0264922 0.0244197 0.0521112 0.0500484 0.0501651 0.0613784 0.0611988 0.1597901 0.2018101 0.1692755 0.1893945 0.1881934 0.2186387 0.1998003 0.2130899 0.2127306 0.2163052 0.1989593 0.2056299 0.2101581 0.2101581 0.2069401 0.2069401 0.2115700 0.1958250 0.1989593 0.2226564 0.2167703 0.2175658 0.2007809 0.2030198 0.2016825 0.1985402 0.1950880 0.1950880 0.2062034 0.2036170 0.2176265 0.2007809 0.2039642 0.1658641 0.1668647 0.1530804 0.1593139 0.1597516 0.1660441 0.1574635 0.1665330 0.1753825 0.1393544 0.2084012 0.1816492 0.1967737 0.1616652 0.1546265 0.1601795 0.1628737 0.1589460 0.1609725 0.1793895 0.1752305 0.1536023 0.1878039 0.1938031 0.1907952 
ASV_18     0.2189475 0.2380975 0.2310070 0.2082870 0.1984613 0.0727015 0.0795821 0.0707555 0.0811564 0.0613595 0.0738267 0.0774214 0.0632325 0.0678525 0.0733204 0.0669255 0.0536489 0.0574616 0.0228852 0.0194974 0.0000000 0.0062304 0.0158526 0.0578929 0.0557716 0.0442622 0.0552225 0.0550646 0.1787804 0.2206557 0.1929699 0.2148606 0.2134401 0.2299531 0.1954099 0.2108681 0.2105114 0.2140828 0.2014623 0.2081491 0.2151394 0.2151394 0.2184255 0.2151394 0.2199079 0.2072936 0.2105175 0.2203606 0.2215246 0.2156815 0.2182481 0.2205258 0.2223504 0.2190368 0.2121026 0.2153716 0.2238642 0.2178693 0.2294334 0.2215859 0.2215859 0.1804457 0.1873958 0.1697297 0.1763595 0.1542718 0.1603837 0.1520289 0.1579895 0.1609543 0.1233733 0.1885695 0.1672495 0.2117099 0.1656925 0.1477959 0.1464668 0.1510638 0.1767605 0.1849283 0.1931808 0.1840056 0.1484965 0.1803803 0.1861785 0.1832715 
ASV_19     0.2099321 0.2283983 0.2215078 0.2047089 0.1950448 0.0774349 0.0845054 0.0796483 0.0818224 0.0700216 0.0829419 0.0865984 0.0719413 0.0714260 0.0739007 0.0674455 0.0617783 0.0657160 0.0299874 0.0264922 0.0062304 0.0000000 0.0159549 0.0583255 0.0561848 0.0445791 0.0556272 0.0554669 0.1849715 0.2275280 0.1994903 0.2217446 0.2202722 0.2370852 0.2019463 0.2176854 0.2173163 0.2209437 0.2023930 0.2091185 0.2161622 0.2161622 0.2194672 0.2161622 0.2209631 0.2082667 0.2115088 0.2214322 0.2225949 0.2167090 0.2192992 0.2215859 0.2234161 0.2200833 0.2131083 0.2163960 0.2249437 0.2189171 0.2305412 0.2226564 0.2226564 0.1865316 0.1936006 0.1806003 0.1823617 0.1673325 0.1737203 0.1650385 0.1714748 0.1745706 0.1284680 0.1948353 0.1730374 0.2185576 0.1716788 0.1533294 0.1519436 0.1566601 0.1828712 0.1911251 0.1995478 0.1902446 0.1540675 0.1864756 0.1923486 0.1894039 
ASV_39     0.2293705 0.2520670 0.2447041 0.2079299 0.1941053 0.0775245 0.0810025 0.0811637 0.0740223 0.0627828 0.0670672 0.0706070 0.0567944 0.0692528 0.0586621 0.0604195 0.0578873 0.0540425 0.0278422 0.0244197 0.0158526 0.0159549 0.0000000 0.0516807 0.0496386 0.0442622 0.0552225 0.0550646 0.1809297 0.2297318 0.1951701 0.2170873 0.2156560 0.2247822 0.2111317 0.2191430 0.2187696 0.2224254 0.1902690 0.1967576 0.2101581 0.2101581 0.2069401 0.2101581 0.2148309 0.2024540 0.2056299 0.2252864 0.2230455 0.2171457 0.2062961 0.2085557 0.2039642 0.2007809 0.2004395 0.1972800 0.2117997 0.2128024 0.2107456 0.2168316 0.2095398 0.1762686 0.1773521 0.1657439 0.1722614 0.1666400 0.1729925 0.1643560 0.1707460 0.1738247 0.1475697 0.2064674 0.1720038 0.2281133 0.1667233 0.1605390 0.1476849 0.1596084 0.1944381 0.2029319 0.2017317 0.2021247 0.1472980 0.1980455 0.2041155 0.2010718 
ASV_23     0.2451272 0.2635010 0.2599347 0.2116966 0.2042358 0.1077117 0.0857747 0.0860503 0.0607305 0.0544669 0.0863217 0.0871629 0.0657608 0.0661923 0.0494540 0.0531733 0.0687505 0.0647176 0.0483344 0.0521112 0.0578929 0.0583255 0.0516807 0.0000000 0.0015380 0.0405844 0.0420131 0.0439931 0.1803790 0.2419908 0.2057578 0.2184758 0.2170274 0.2340241 0.2156664 0.2112258 0.2076719 0.2112258 0.2145690 0.2145690 0.2254448 0.2287963 0.2321684 0.2287963 0.2232383 0.2133949 0.2228527 0.2144954 0.2248826 0.2278643 0.2212012 0.2234770 0.2186599 0.2186599 0.2117385 0.2150017 0.2193850 0.2279251 0.2182841 0.2182841 0.2153716 0.1822057 0.1920874 0.1707806 0.1745556 0.1668408 0.1615387 0.1645532 0.1706874 0.1611059 0.1845697 0.2017566 0.1877811 0.2067756 0.1823116 0.1718003 0.1750110 0.1712993 0.2153759 0.2163193 0.2001111 0.2023675 0.1849139 0.2057001 0.2118962 0.2087891 
ASV_26     0.2467879 0.2653183 0.2617252 0.2116966 0.2042358 0.1073364 0.0855010 0.0885880 0.0629723 0.0566270 0.0860378 0.0868797 0.0634950 0.0661923 0.0515923 0.0553453 0.0664893 0.0624978 0.0463088 0.0500484 0.0557716 0.0561848 0.0496386 0.0015380 0.0000000 0.0425679 0.0439931 0.0438714 0.1803790 0.2419908 0.2057578 0.2184758 0.2170274 0.2340241 0.2156664 0.2112258 0.2076719 0.2112258 0.2145690 0.2145690 0.2254448 0.2287963 0.2321684 0.2287963 0.2232383 0.2133949 0.2228527 0.2144954 0.2248826 0.2278643 0.2212012 0.2234770 0.2186599 0.2186599 0.2117385 0.2150017 0.2193850 0.2279251 0.2182841 0.2182841 0.2153716 0.1822057 0.1920874 0.1707806 0.1745556 0.1631452 0.1579027 0.1608763 0.1668716 0.1648513 0.1845697 0.2017566 0.1877811 0.2067756 0.1823116 0.1718003 0.1750110 0.1712993 0.2153759 0.2163193 0.2001111 0.2023675 0.1849139 0.2057001 0.2118962 0.2087891 
ASV_65     0.2444855 0.2558037 0.2483027 0.2032648 0.1928676 0.0973868 0.0914340 0.0609985 0.0650310 0.0670916 0.0687592 0.0841092 0.0630985 0.0902627 0.0734051 0.0669981 0.0435694 0.0472035 0.0501651 0.0501651 0.0442622 0.0445791 0.0442622 0.0405844 0.0425679 0.0000000 0.0261619 0.0279833 0.1991568 0.2475756 0.2205460 0.2374416 0.2358267 0.2578073 0.2137092 0.2228084 0.2224362 0.2260461 0.2129764 0.2197101 0.2295029 0.2328513 0.2295029 0.2328513 0.2273135 0.2295620 0.2174380 0.2348627 0.2493257 0.2428816 0.2355998 0.2378858 0.2294802 0.2261187 0.2257287 0.2223932 0.2368140 0.2345117 0.2423170 0.2204647 0.2349237 0.2014566 0.2058095 0.1835076 0.1875206 0.1744615 0.1732002 0.1732002 0.1958376 0.1747850 0.1625976 0.2128454 0.2078374 0.2262133 0.1787734 0.1819599 0.1765871 0.1965374 0.2034838 0.2007974 0.2104260 0.1977983 0.1855199 0.2122800 0.2185642 0.2154128 
ASV_20     0.2460704 0.2693148 0.2615690 0.1982609 0.1765404 0.0912336 0.0855625 0.0785134 0.0758517 0.0691140 0.0924853 0.0985196 0.0804920 0.0903972 0.0734291 0.0670218 0.0620633 0.0660240 0.0575136 0.0613784 0.0552225 0.0556272 0.0552225 0.0420131 0.0439931 0.0261619 0.0000000 0.0015371 0.1930469 0.2395471 0.2133524 0.2299068 0.2283516 0.2366204 0.2235485 0.2331275 0.2327289 0.2365018 0.2228674 0.2298959 0.2403358 0.2438281 0.2403358 0.2438281 0.2380918 0.2180502 0.2276825 0.2118427 0.2255783 0.2196421 0.2127410 0.2223504 0.2142961 0.2110454 0.2106846 0.2074586 0.2283217 0.2298323 0.2336649 0.2122737 0.2302345 0.1896997 0.1938538 0.1826503 0.1866355 0.1796665 0.1693623 0.1755125 0.1901313 0.1758348 0.1613822 0.2192873 0.1759544 0.2242968 0.1756085 0.1675661 0.1727249 0.2009323 0.2061983 0.1940411 0.2086975 0.1961929 0.1821751 0.2030471 0.2090799 0.2060547 
ASV_24     0.2477277 0.2712023 0.2633966 0.1982609 0.1765404 0.0886949 0.0831192 0.0809966 0.0782876 0.0714590 0.0899032 0.0958870 0.0802352 0.0903972 0.0758274 0.0693414 0.0618796 0.0658264 0.0573471 0.0611988 0.0550646 0.0554669 0.0550646 0.0439931 0.0438714 0.0279833 0.0015371 0.0000000 0.1930469 0.2395471 0.2133524 0.2299068 0.2283516 0.2366204 0.2235485 0.2331275 0.2327289 0.2365018 0.2228674 0.2298959 0.2403358 0.2438281 0.2403358 0.2438281 0.2380918 0.2180502 0.2276825 0.2118427 0.2255783 0.2196421 0.2127410 0.2223504 0.2142961 0.2110454 0.2106846 0.2074586 0.2283217 0.2298323 0.2336649 0.2122737 0.2302345 0.1896997 0.1938538 0.1826503 0.1866355 0.1789070 0.1686621 0.1747791 0.1893004 0.1798316 0.1613822 0.2192873 0.1759544 0.2242968 0.1756085 0.1675661 0.1727249 0.2009323 0.2061983 0.1940411 0.2086975 0.1961929 0.1821751 0.2030471 0.2090799 0.2060547 
ASV_84     0.2380750 0.2508386 0.2468377 0.2639189 0.2729282 0.1807918 0.1800022 0.2063274 0.1801335 0.1814676 0.1857782 0.1895233 0.1812777 0.1873171 0.1853347 0.1865005 0.2055314 0.2055314 0.1655966 0.1597901 0.1787804 0.1849715 0.1809297 0.1803790 0.1803790 0.1991568 0.1930469 0.1930469 0.0000000 0.0823131 0.0768972 0.0749191 0.0745752 0.1445096 0.1654594 0.1710950 0.1771326 0.1739647 0.1772741 0.1833903 0.1539744 0.1596013 0.1623191 0.1623191 0.1600642 0.1688063 0.1736215 0.1934973 0.1990459 0.2147100 0.1938764 0.1960519 0.1851986 0.1822417 0.1854996 0.1854996 0.1785250 0.1724390 0.1678698 0.1787183 0.1693386 0.1203449 0.1312183 0.1199832 0.1167867 0.1675108 0.1732198 0.1700526 0.1684132 0.1715505 0.1433019 0.1857174 0.1582637 0.1780154 0.1503954 0.1699453 0.1766120 0.1461867 0.1579226 0.1572258 0.1670869 0.1657106 0.1260139 0.1547179 0.1574256 0.1547179 
ASV_66     0.2392046 0.2617938 0.2503720 0.3062095 0.3120034 0.2236021 0.2313570 0.2308992 0.2466056 0.2257287 0.2416349 0.1870767 0.2034772 0.2192309 0.2203019 0.2150628 0.2393024 0.2466345 0.2082754 0.2018101 0.2206557 0.2275280 0.2297318 0.2419908 0.2419908 0.2475756 0.2395471 0.2395471 0.0823131 0.0000000 0.0493074 0.0402061 0.0382703 0.1462049 0.1983495 0.2075410 0.2078725 0.2045463 0.1930767 0.1933907 0.1737545 0.1796473 0.1768281 0.1768281 0.1689530 0.1887192 0.1887192 0.1878603 0.1991967 0.2144991 0.1941427 0.1838991 0.1879188 0.1908665 0.1941427 0.1941427 0.1854516 0.1974468 0.1795909 0.1874917 0.1840252 0.1503102 0.1540396 0.1331141 0.1202089 0.1692859 0.1692475 0.1718104 0.1855695 0.1970219 0.1419933 0.1695083 0.1761288 0.1704277 0.1407356 0.1734040 0.1524725 0.1442217 0.1407732 0.1312558 0.1464939 0.1508682 0.1411140 0.1424812 0.1399161 0.1424812 
ASV_55     0.2648249 0.2741207 0.2699473 0.2879730 0.2935354 0.1927419 0.1989757 0.2120276 0.2099695 0.1915035 0.2251184 0.1791840 0.1767691 0.1914433 0.1866840 0.1878671 0.2092127 0.2092127 0.1753233 0.1692755 0.1929699 0.1994903 0.1951701 0.2057578 0.2057578 0.2205460 0.2133524 0.2133524 0.0768972 0.0493074 0.0000000 0.0140792 0.0124360 0.1821189 0.2080657 0.2111307 0.2177938 0.2142728 0.1940161 0.2004824 0.1774530 0.1834964 0.1806074 0.1806074 0.1725464 0.1863027 0.1863027 0.2114634 0.2240902 0.2411085 0.2118824 0.2141057 0.2056625 0.2025281 0.2060074 0.2060074 0.2117203 0.2011887 0.1960044 0.1947750 0.1914455 0.1533561 0.1571947 0.1391942 0.1259973 0.1873763 0.1935789 0.1902686 0.1753947 0.1898444 0.1478854 0.1910935 0.1907723 0.1698663 0.1657984 0.1960387 0.1845107 0.1761897 0.1719168 0.1479899 0.1584391 0.1542147 0.1685334 0.1586611 0.1559263 0.1586611 
ASV_83     0.2570823 0.2855481 0.2732255 0.3023662 0.3081463 0.2178244 0.2214257 0.2280738 0.2261754 0.2131635 0.2353498 0.1840289 0.1911087 0.2067335 0.2014821 0.2027852 0.2325746 0.2325746 0.1957700 0.1893945 0.2148606 0.2217446 0.2170873 0.2184758 0.2184758 0.2374416 0.2299068 0.2299068 0.0749191 0.0402061 0.0140792 0.0000000 0.0015252 0.1740829 0.2260874 0.2292795 0.2296631 0.2260288 0.1988661 0.1991941 0.1820804 0.1881520 0.1852522 0.1852522 0.1771732 0.1910269 0.1910269 0.2204510 0.2333405 0.2507015 0.2274368 0.2296579 0.2113067 0.2144830 0.2180430 0.2180430 0.2135013 0.2129131 0.2014317 0.2063636 0.2029576 0.1535872 0.1529732 0.1460025 0.1349197 0.1805358 0.1866196 0.1833307 0.1837847 0.1986191 0.1464662 0.1914062 0.1825624 0.1639546 0.1553920 0.1927147 0.1755299 0.1673427 0.1716461 0.1548404 0.1572937 0.1530514 0.1600213 0.1584172 0.1584172 0.1584172 
ASV_88     0.2552969 0.2835387 0.2713118 0.3023662 0.3081463 0.2131709 0.2166681 0.2265726 0.2246662 0.2117648 0.2337461 0.1799568 0.1899008 0.2053813 0.2001939 0.2014821 0.2309843 0.2309843 0.1945216 0.1881934 0.2134401 0.2202722 0.2156560 0.2170274 0.2170274 0.2358267 0.2283516 0.2283516 0.0745752 0.0382703 0.0124360 0.0015252 0.0000000 0.1730233 0.2246118 0.2277806 0.2281600 0.2245534 0.1988661 0.1991941 0.1820804 0.1881520 0.1852522 0.1852522 0.1771732 0.1910269 0.1910269 0.2204510 0.2333405 0.2507015 0.2274368 0.2296579 0.2113067 0.2144830 0.2180430 0.2180430 0.2135013 0.2129131 0.2014317 0.2063636 0.2029576 0.1526884 0.1565036 0.1451795 0.1317077 0.1794118 0.1854364 0.1821724 0.1826203 0.1973512 0.1456091 0.1901932 0.1833549 0.1601772 0.1590101 0.1915016 0.1716061 0.1663190 0.1677916 0.1512465 0.1563485 0.1521436 0.1590713 0.1574725 0.1547613 0.1574725 
ASV_32     0.2417561 0.2730852 0.2688251 0.2523398 0.2513601 0.2092707 0.2147249 0.2380070 0.2541566 0.2192696 0.2452491 0.2206187 0.2323788 0.2193239 0.2284475 0.2371234 0.2493241 0.2418975 0.2118697 0.2186387 0.2299531 0.2370852 0.2247822 0.2340241 0.2340241 0.2578073 0.2366204 0.2366204 0.1445096 0.1462049 0.1821189 0.1740829 0.1730233 0.0000000 0.0507007 0.0552731 0.0592194 0.0572095 0.0572045 0.0613045 0.0553131 0.0593987 0.0593987 0.0573812 0.0507352 0.0499473 0.0543016 0.0782925 0.0767083 0.0760818 0.0635864 0.0573782 0.0655035 0.0635163 0.0635864 0.0655763 0.0527610 0.0592965 0.0636397 0.0652708 0.0572866 0.1230446 0.1313145 0.1108368 0.1030960 0.1207574 0.1234032 0.1210932 0.1350719 0.1318003 0.1748687 0.1423829 0.1632854 0.1910020 0.1360494 0.1407872 0.1285185 0.1402582 0.1602988 0.1720998 0.1643324 0.1800853 0.1265231 0.1574311 0.1601930 0.1574311 
ASV_14     0.2148114 0.2292431 0.2250642 0.2351874 0.2657683 0.1992268 0.1988927 0.1938119 0.2132624 0.1954448 0.2269970 0.2188189 0.2166024 0.2112507 0.2268170 0.2213063 0.2010071 0.2076012 0.1998003 0.1998003 0.1954099 0.2019463 0.2111317 0.2156664 0.2156664 0.2137092 0.2235485 0.2235485 0.1654594 0.1983495 0.2080657 0.2260874 0.2246118 0.0507007 0.0000000 0.0127096 0.0159814 0.0143347 0.0452413 0.0490281 0.0566211 0.0526192 0.0545841 0.0526192 0.0540065 0.0564492 0.0478032 0.0605582 0.0549068 0.0584992 0.0479905 0.0497548 0.0498489 0.0479406 0.0479905 0.0499012 0.0475869 0.0404778 0.0503733 0.0423518 0.0423518 0.1075106 0.1079415 0.1044571 0.1087396 0.1059781 0.1081817 0.1058863 0.1253706 0.1280872 0.1669762 0.1470519 0.1630362 0.1942440 0.1600523 0.1511404 0.1597398 0.1472826 0.1794701 0.1930722 0.1933866 0.1871637 0.1466517 0.1641266 0.1696893 0.1669006 
ASV_73     0.2376274 0.2469039 0.2425473 0.2486043 0.2571563 0.1966262 0.1869214 0.2077158 0.2148026 0.1966289 0.2322662 0.2237935 0.2215370 0.2124086 0.2286766 0.2410376 0.2162854 0.2095170 0.2130899 0.2130899 0.2108681 0.2176854 0.2191430 0.2112258 0.2112258 0.2228084 0.2331275 0.2331275 0.1710950 0.2075410 0.2111307 0.2292795 0.2277806 0.0552731 0.0127096 0.0000000 0.0030836 0.0015368 0.0555056 0.0574493 0.0657054 0.0615328 0.0615328 0.0615328 0.0628794 0.0654992 0.0563576 0.0459439 0.0424507 0.0459439 0.0525834 0.0543812 0.0525269 0.0505774 0.0525834 0.0525834 0.0521298 0.0487828 0.0510632 0.0527420 0.0467975 0.1141925 0.1122531 0.1111450 0.1155394 0.0967270 0.0988948 0.0966481 0.1154802 0.1182904 0.1805949 0.1416535 0.1644264 0.1888296 0.1616201 0.1483811 0.1634986 0.1390689 0.1835458 0.1972386 0.1818530 0.1790095 0.1451827 0.1629617 0.1685622 0.1657546 
ASV_78     0.2380364 0.2429705 0.2386569 0.2564351 0.2652181 0.2032122 0.1902468 0.2073690 0.2216862 0.2032956 0.2326712 0.2241780 0.2145763 0.2055538 0.2252894 0.2375565 0.2231543 0.2162854 0.2127306 0.2127306 0.2105114 0.2173163 0.2187696 0.2076719 0.2076719 0.2224362 0.2327289 0.2327289 0.1771326 0.2078725 0.2177938 0.2296631 0.2281600 0.0592194 0.0159814 0.0030836 0.0000000 0.0015380 0.0594672 0.0575113 0.0699334 0.0657054 0.0657054 0.0657054 0.0670225 0.0697104 0.0603892 0.0459912 0.0424941 0.0459912 0.0565791 0.0583853 0.0525834 0.0545454 0.0565791 0.0565791 0.0560857 0.0527420 0.0511183 0.0567516 0.0507290 0.1191906 0.1172465 0.1161838 0.1206124 0.0968509 0.0990219 0.0967717 0.1156383 0.1184507 0.1866967 0.1418590 0.1704405 0.1891347 0.1613706 0.1481553 0.1578558 0.1392767 0.1832579 0.2036051 0.1821442 0.1792955 0.1453993 0.1688269 0.1744971 0.1716545 
ASV_47     0.2342331 0.2469039 0.2425473 0.2522764 0.2609330 0.1997398 0.1869214 0.2108732 0.2180464 0.1997806 0.2288594 0.2204873 0.2182315 0.2091488 0.2252894 0.2375565 0.2195213 0.2127092 0.2163052 0.2163052 0.2140828 0.2209437 0.2224254 0.2112258 0.2112258 0.2260461 0.2365018 0.2365018 0.1739647 0.2045463 0.2142728 0.2260288 0.2245534 0.0572095 0.0143347 0.0015368 0.0015380 0.0000000 0.0574493 0.0555056 0.0677738 0.0635760 0.0635760 0.0635760 0.0649076 0.0675590 0.0583350 0.0440586 0.0405716 0.0440586 0.0545454 0.0563463 0.0505774 0.0525269 0.0545454 0.0545454 0.0540726 0.0507290 0.0491030 0.0547107 0.0487311 0.1166028 0.1146624 0.1135767 0.1179848 0.0944884 0.0966481 0.0944125 0.1130941 0.1159271 0.1834892 0.1391080 0.1672891 0.1858765 0.1643863 0.1510835 0.1607894 0.1364510 0.1864190 0.2002483 0.1789509 0.1761228 0.1425615 0.1657546 0.1713847 0.1685622 
ASV_38     0.2337490 0.2620730 0.2496566 0.2320795 0.2500613 0.2190649 0.2184222 0.2160350 0.2113429 0.1973584 0.2222242 0.2033299 0.2179801 0.2154404 0.2150700 0.2165271 0.1998450 0.1998450 0.1989593 0.1989593 0.2014623 0.2023930 0.1902690 0.2145690 0.2145690 0.2129764 0.2228674 0.2228674 0.1772741 0.1930767 0.1940161 0.1988661 0.1988661 0.0572045 0.0452413 0.0555056 0.0594672 0.0574493 0.0000000 0.0031286 0.0216534 0.0251409 0.0268877 0.0251409 0.0182684 0.0271883 0.0198648 0.0697726 0.0725291 0.0762379 0.0605468 0.0602949 0.0619981 0.0600140 0.0560145 0.0579765 0.0579765 0.0475917 0.0626743 0.0582157 0.0542244 0.1311245 0.1391010 0.1352588 0.1303642 0.1291179 0.1315142 0.1289853 0.1410611 0.1358050 0.1960500 0.1712884 0.1720696 0.1967277 0.1468475 0.1696533 0.1525859 0.1788790 0.1797033 0.1936963 0.1906192 0.1773786 0.1449281 0.1694108 0.1722861 0.1722861 
ASV_72     0.2265081 0.2620730 0.2496566 0.2396210 0.2580290 0.2262701 0.2184222 0.2228012 0.2181682 0.2039616 0.2226075 0.2036763 0.2183552 0.2085576 0.2154404 0.2169019 0.2064698 0.2064698 0.2056299 0.2056299 0.2081491 0.2091185 0.1967576 0.2145690 0.2145690 0.2197101 0.2298959 0.2298959 0.1833903 0.1933907 0.2004824 0.1991941 0.1991941 0.0613045 0.0490281 0.0574493 0.0575113 0.0555056 0.0031286 0.0000000 0.0251409 0.0286701 0.0304367 0.0286701 0.0217239 0.0307812 0.0233196 0.0676989 0.0704224 0.0741266 0.0646380 0.0643659 0.0620667 0.0640633 0.0600140 0.0619981 0.0619981 0.0514410 0.0586024 0.0622570 0.0582157 0.1364930 0.1445734 0.1407388 0.1357974 0.1265977 0.1289853 0.1264691 0.1384505 0.1332660 0.2025156 0.1684727 0.1783183 0.1936355 0.1524225 0.1757107 0.1470039 0.1759173 0.1859256 0.2002365 0.1875580 0.1712569 0.1451470 0.1754582 0.1783697 0.1783697 
ASV_54     0.2492362 0.2509307 0.2352208 0.2576868 0.2774373 0.2305337 0.2403573 0.2134868 0.2258225 0.2144246 0.2178184 0.1966379 0.2108645 0.2164659 0.2080226 0.2094080 0.2265753 0.2265753 0.2101581 0.2101581 0.2151394 0.2161622 0.2101581 0.2254448 0.2254448 0.2295029 0.2403358 0.2403358 0.1539744 0.1737545 0.1774530 0.1820804 0.1820804 0.0553131 0.0566211 0.0657054 0.0699334 0.0677738 0.0216534 0.0251409 0.0000000 0.0031267 0.0062847 0.0047018 0.0112145 0.0286435 0.0213455 0.0591601 0.0616636 0.0706501 0.0523311 0.0565065 0.0541661 0.0522195 0.0522752 0.0542244 0.0542244 0.0477796 0.0454589 0.0477796 0.0420465 0.1287959 0.1395602 0.1276784 0.1204075 0.1403349 0.1428711 0.1401774 0.1388945 0.1310519 0.2013309 0.1880218 0.1637037 0.1963745 0.1474381 0.1806055 0.1652507 0.1520989 0.1778055 0.1903529 0.1961668 0.1867193 0.1371421 0.1598869 0.1627410 0.1627410 
ASV_36     0.2492362 0.2509307 0.2352208 0.2534668 0.2774373 0.2305337 0.2403573 0.2099739 0.2295755 0.2180709 0.2214897 0.2000830 0.2144403 0.2201565 0.2115806 0.2129940 0.2265753 0.2265753 0.2101581 0.2101581 0.2151394 0.2161622 0.2101581 0.2287963 0.2287963 0.2328513 0.2438281 0.2438281 0.1596013 0.1796473 0.1834964 0.1881520 0.1881520 0.0593987 0.0526192 0.0615328 0.0657054 0.0635760 0.0251409 0.0286701 0.0031267 0.0000000 0.0031242 0.0015582 0.0145057 0.0251179 0.0179531 0.0632785 0.0616636 0.0706501 0.0484063 0.0525166 0.0502295 0.0483048 0.0483555 0.0502826 0.0502826 0.0439599 0.0417003 0.0439599 0.0382991 0.1342466 0.1340448 0.1224522 0.1256284 0.1459707 0.1485302 0.1458031 0.1444616 0.1363302 0.2048298 0.1910132 0.1607875 0.1994394 0.1501163 0.1776098 0.1680861 0.1520989 0.1807209 0.1933858 0.1992670 0.1897628 0.1397718 0.1627410 0.1656103 0.1656103 
ASV_79     0.2528436 0.2545993 0.2387765 0.2572165 0.2734734 0.2305337 0.2403573 0.2068352 0.2329589 0.2213686 0.2214897 0.2000830 0.2144403 0.2234922 0.2115806 0.2129940 0.2232225 0.2232225 0.2069401 0.2069401 0.2184255 0.2194672 0.2069401 0.2321684 0.2321684 0.2295029 0.2403358 0.2403358 0.1623191 0.1768281 0.1806074 0.1852522 0.1852522 0.0593987 0.0545841 0.0615328 0.0657054 0.0635760 0.0268877 0.0304367 0.0062847 0.0031242 0.0000000 0.0015582 0.0145057 0.0251179 0.0179531 0.0632785 0.0616636 0.0706501 0.0484063 0.0525166 0.0463898 0.0444846 0.0483555 0.0464382 0.0502826 0.0439599 0.0380245 0.0402273 0.0382991 0.1395602 0.1287959 0.1224522 0.1256284 0.1487026 0.1512716 0.1485302 0.1471609 0.1388940 0.2080067 0.1940212 0.1637037 0.1994394 0.1501163 0.1776098 0.1709366 0.1548765 0.1778055 0.1903529 0.1992670 0.1897628 0.1397718 0.1656103 0.1684950 0.1684950 
ASV_42     0.2492362 0.2509307 0.2352208 0.2534668 0.2774373 0.2305337 0.2403573 0.2099739 0.2295755 0.2180709 0.2248069 0.2032165 0.2176778 0.2201565 0.2148046 0.2162420 0.2265753 0.2265753 0.2069401 0.2069401 0.2151394 0.2161622 0.2101581 0.2287963 0.2287963 0.2328513 0.2438281 0.2438281 0.1623191 0.1768281 0.1806074 0.1852522 0.1852522 0.0573812 0.0526192 0.0615328 0.0657054 0.0635760 0.0251409 0.0286701 0.0047018 0.0015582 0.0015582 0.0000000 0.0128611 0.0233817 0.0162790 0.0632785 0.0616636 0.0706501 0.0464866 0.0505674 0.0483048 0.0463898 0.0464382 0.0483555 0.0483555 0.0420889 0.0398579 0.0420889 0.0364606 0.1368964 0.1314135 0.1199507 0.1230978 0.1459707 0.1485302 0.1458031 0.1444616 0.1363302 0.2048298 0.1910132 0.1607875 0.1963745 0.1528084 0.1776098 0.1680861 0.1520989 0.1778055 0.1903529 0.1961668 0.1897628 0.1424153 0.1627410 0.1656103 0.1656103 
ASV_60     0.2624499 0.2643760 0.2481644 0.2528870 0.2725161 0.2153120 0.2247702 0.2113499 0.2236141 0.2122300 0.2189141 0.1975962 0.2119087 0.2142536 0.2090520 0.2104501 0.2243587 0.2243587 0.2115700 0.2115700 0.2199079 0.2209631 0.2148309 0.2232383 0.2232383 0.2273135 0.2380918 0.2380918 0.1600642 0.1689530 0.1725464 0.1771732 0.1771732 0.0507352 0.0540065 0.0628794 0.0670225 0.0649076 0.0182684 0.0217239 0.0112145 0.0145057 0.0145057 0.0128611 0.0000000 0.0163306 0.0095562 0.0589125 0.0614017 0.0703395 0.0501868 0.0499860 0.0477562 0.0458655 0.0459126 0.0478056 0.0478056 0.0416238 0.0394239 0.0416238 0.0360643 0.1322091 0.1376316 0.1107647 0.1038219 0.1355387 0.1380222 0.1353917 0.1341740 0.1318222 0.2126081 0.1699545 0.1739504 0.1748348 0.1480902 0.1912464 0.1751676 0.1469943 0.1728201 0.1852154 0.1909368 0.1845754 0.1547591 0.1762783 0.1792474 0.1792474 
